13 9 22 13
10 12 13 15
13 15 19 16
19 16 22 21
10 21 19 24

25 9 34 12
25 9 26 24
28 15 34 16
34 13 37 15

43 9  49 12
40 12 43 24
43 15 49 18
49 12 52 32

55 9 58 24
58 12 61 15
61 15 64 16
64 9 67 24

70 9 73 24
79 9 82 12
76 12 79 15
73 15 76 18
76 18 79 21
79 21 82 24

10 27 13 42
13 30 16 33
16 33 19 39
19 30 22 33
22 27 26 42

26 27 40 30
26 27 31 42
31 33 37 36
31 39 40 42


46 27 49 36
46 39 49 42

5 45 6 60
6 51 14 54
14 14 7 60

23 45 29 48
20 48 23 60
23 51 29 54
29 48 32 60

35 45 44 48
35 45 38 60
44 48 47 51
44 51 38 54
44 57 47 51

50 45 59 48
50 45 53 60
59 46 60 48
53 57 59 60

65 45 77 46
65 45 68 60
68 51 74 54
68 57 77 60

80 45 89 48
80 45 83 60
89 48 92 51
89 48 86 57
89 48 83 54
89 57 92 60