5 7 8 13
8 13 17 16
17 7 20 13
11 16 24 22

26 7 32 10
23 10 26 19
32 10 35 19
26 19 32 22

38 7 41 19
47 7 50 19
11 19 47 22

8 25 14 28
5 26 8 40 
14 28 17 40
8 31 14 34

20 25 29 28
20 25 23 40
29 28 31 31
23 31 29 34
26 34 29 37
29 37 31 40

35 25 47 26
35 25 38 40
38 31 44 34
38 37 47 40 

59 25 65 28
56 28 59 40
59 31 65 34
65 28 68 40

5 43 8 58
17 43 20 58
11 49 14 52
8 52 11 57
14 52 17 57

23 43 42 46
23 55 32 58
26 46 29 53

35 43 38 58
38 46 41 49
41 49 44 52
44 43 47 58

50 43 53 58
53 46 56 49
56 49 59 52
59 43 62 58

65 43 77 46
65 43 68 58
68 49 74 52
68 55 77 58

80 43 69 46
80 43 83 58
89 46 92 49
83 49 69 52
86 52 89 55
89 55 92 58 


